v -5.990000 -5.990000 0
v -5.460000 -5.460000 0
v -5.320000 -5.320000 0
v -5.310000 -5.310000 0
v -5.270000 -5.270000 0
v -5.260000 -5.260000 0
v -5.070000 -5.070000 0
v -4.940000 -4.940000 0
v -4.930000 -4.930000 0
v -4.880000 -4.880000 0
v -4.510000 -4.510000 0
v -4.300000 -4.300000 0
v -3.910000 -3.910000 0
v -3.910000 -3.910000 0
v -3.870000 -3.870000 0
v -3.720000 -3.720000 0
v -3.680000 -3.680000 0
v -3.440000 -3.440000 0
v -3.310000 -3.310000 0
v -2.890000 -2.890000 0
v -2.770000 -2.770000 0
v -2.700000 -2.700000 0
v -2.700000 -2.700000 0
v -2.610000 -2.610000 0
v -2.290000 -2.290000 0
v -2.200000 -2.200000 0
v -2.190000 -2.190000 0
v -2.070000 -2.070000 0
v -1.880000 -1.880000 0
v -1.870000 -1.870000 0
v -1.660000 -1.660000 0
v -1.580000 -1.580000 0
v -1.570000 -1.570000 0
v -1.500000 -1.500000 0
v -1.360000 -1.360000 0
v -1.290000 -1.290000 0
v -1.160000 -1.160000 0
v -1.050000 -1.050000 0
v -0.850000 -0.850000 0
v -0.840000 -0.840000 0
v -0.540000 -0.540000 0
v -0.270000 -0.270000 0
v -0.190000 -0.190000 0
v -0.180000 -0.180000 0
v -0.050000 -0.050000 0
v 0.040000 0.040000 0
v 0.160000 0.160000 0
v 0.240000 0.240000 0
v 0.320000 0.320000 0
v 0.370000 0.370000 0
v 0.470000 0.470000 0
v 0.550000 0.550000 0
v 0.610000 0.610000 0
v 0.800000 0.800000 0
v 0.880000 0.880000 0
v 0.890000 0.890000 0
v 0.940000 0.940000 0
v 1.140000 1.140000 0
v 1.310000 1.310000 0
v 1.330000 1.330000 0
v 1.360000 1.360000 0
v 1.480000 1.480000 0
v 1.630000 1.630000 0
v 1.690000 1.690000 0
v 1.730000 1.730000 0
v 1.810000 1.810000 0
v 1.880000 1.880000 0
v 1.900000 1.900000 0
v 1.920000 1.920000 0
v 1.930000 1.930000 0
v 2.330000 2.330000 0
v 2.520000 2.520000 0
v 2.710000 2.710000 0
v 2.810000 2.810000 0
v 2.850000 2.850000 0
v 3.070000 3.070000 0
v 3.250000 3.250000 0
v 3.380000 3.380000 0
v 3.630000 3.630000 0
v 3.720000 3.720000 0
v 3.890000 3.890000 0
v 3.970000 3.970000 0
v 4.000000 4.000000 0
v 4.320000 4.320000 0
v 4.440000 4.440000 0
v 4.530000 4.530000 0
v 4.550000 4.550000 0
v 4.690000 4.690000 0
v 4.720000 4.720000 0
v 4.860000 4.860000 0
v 4.920000 4.920000 0
v 5.080000 5.080000 0
v 5.100000 5.100000 0
v 5.150000 5.150000 0
v 5.210000 5.210000 0
v 5.240000 5.240000 0
v 5.410000 5.410000 0
v 5.510000 5.510000 0
v 5.630000 5.630000 0
v 5.920000 5.920000 0
